5.216732601303841648e+02 5.215978626557830466e+02 1.201793835178490477e+00 1.187478773494270889e+00
5.699108342884595686e+02 5.698967592850721076e+02 5.498521709243616717e-01 5.309961599728914017e-01
5.668003593644217517e+02 5.667980258485445120e+02 1.011003677001213186e+00 1.069624083600727582e+00
5.682777289877008116e+02 5.682786992371021597e+02 4.783578230529579312e-01 5.052632686468460088e-01
5.267367032439747163e+02 5.266808459181904709e+02 1.148759897223665227e+00 1.184817343494844799e+00
5.493567902218456993e+02 5.492953218698744422e+02 1.078511133533480493e+00 1.086417516684817119e+00
5.691580259670666919e+02 5.691460381668313175e+02 7.073623782238978031e-01 6.997493026753189849e-01
4.984190506758101833e+02 4.985179685745022766e+02 1.621940835816845894e+00 1.569564564547174301e+00
4.540942593556807765e+02 4.541754967621378682e+02 2.023926697744902636e+00 2.139626352215904692e+00
5.695452993597845079e+02 5.695052759800383910e+02 6.420103160756315264e-01 6.504016586981372638e-01
4.881074251911530837e+02 4.881616424568996422e+02 1.673071157259942154e+00 1.673035415263489423e+00
5.607559044610054571e+02 5.607379282057887622e+02 7.269647618553946034e-01 7.307204951571348861e-01
4.837796949256108974e+02 4.837131845995084518e+02 1.730975362229366432e+00 1.712278547065990475e+00
5.630822653116342735e+02 5.630516731149526777e+02 8.258364103589079797e-01 8.113972375482783050e-01
5.545048483859225144e+02 5.545372184850747317e+02 9.178626129433034020e-01 9.468266841600087025e-01
4.912662612647342826e+02 4.912012544084956289e+02 1.668812472272278358e+00 1.636398819788154269e+00
5.672787767025919266e+02 5.672814665091796087e+02 6.070268001057299578e-01 5.959160953610328493e-01
4.280840691095196462e+02 4.283112522972155602e+02 2.158626703771065358e+00 2.276892091703179855e+00
5.149180731696725388e+02 5.150090457950739165e+02 1.581426865129540227e+00 1.546960309533068401e+00
5.695685949785577122e+02 5.695198247300112371e+02 4.209973278284180886e-01 4.122681279040853464e-01
4.394535906848180957e+02 4.393536764928784919e+02 2.074046029693282556e+00 2.101467965242992619e+00
5.330358266466785153e+02 5.329431437848734276e+02 1.207346563054170652e+00 1.207316291307552358e+00
5.677220575814475296e+02 5.677066972035023582e+02 7.263864612708385016e-01 6.924924695570200406e-01
5.708492411268208571e+02 5.708755808106982386e+02 5.252044900411135808e-01 5.236380109064781019e-01
4.724877347772854819e+02 4.724381467751727541e+02 1.873263287211635930e+00 1.842548017215158485e+00
5.721422172203544960e+02 5.721700425907861245e+02 4.934825083305441895e-01 5.102235378924454556e-01
4.200757820279234238e+02 4.200820223528946258e+02 2.203248894836703276e+00 2.238960989609732444e+00
4.701462257556805753e+02 4.702235261575231675e+02 1.899090813002601408e+00 1.986152509209229367e+00
5.704813819510593476e+02 5.705085243188473214e+02 5.341027215711964260e-01 5.145095246736580696e-01
5.696723589960031404e+02 5.696363960762765828e+02 4.916682164912746789e-01 5.248120791221085879e-01
5.337735661904738436e+02 5.337352429274641281e+02 1.166048227111786906e+00 1.142509822412608900e+00
5.337735661904738436e+02 5.336885649812437578e+02 1.166048227111786906e+00 1.155898558981530488e+00
4.286080190129181915e+02 4.286114831030290020e+02 2.154869322901830309e+00 2.190166613023219799e+00
4.595224885701067592e+02 4.594207109985445641e+02 1.908003375041302352e+00 1.943371000773275847e+00
5.424522687050455261e+02 5.425140332259591105e+02 9.898568951114312675e-01 9.969201184484890454e-01
4.573750016258494497e+02 4.575036569211435449e+02 1.952765721573017643e+00 2.055469430405878928e+00
5.434872918765744316e+02 5.434709175211766023e+02 9.901898888323877879e-01 9.738316418179568945e-01
5.336702055331919610e+02 5.337049885924700448e+02 1.128610818638375424e+00 1.142404216753866386e+00
5.222661003373879112e+02 5.222089044014761612e+02 1.311672161984402507e+00 1.310742886655278161e+00
5.703964069011735774e+02 5.703704420427328614e+02 5.215436347230320013e-01 5.495465687837450819e-01
5.387923297832334129e+02 5.388247741128031976e+02 1.217514014516289711e+00 1.208596222502017037e+00
5.064775032527811049e+02 5.064044005148655856e+02 1.596920725600444069e+00 1.596020806630976896e+00
5.152641936953395998e+02 5.151560730407697974e+02 1.515077336992029178e+00 1.480121815250937445e+00
4.310885607360381755e+02 4.311563219305123766e+02 2.131954517540476157e+00 2.094153915602936067e+00
4.373514479389731378e+02 4.373857152214529833e+02 2.100899207666808710e+00 2.061224549530899175e+00
5.190747467535323949e+02 5.190793535733628232e+02 1.338339500671734017e+00 1.301525675709120478e+00
5.625605997303709955e+02 5.625493596817204889e+02 8.337741428115146292e-01 8.237044064332286197e-01
4.205023383630090734e+02 4.204787826895162084e+02 2.223013393013781869e+00 2.105614163969846242e+00
5.362306964674155552e+02 5.361696033082870372e+02 1.171968811621429962e+00 1.189067737234467570e+00
5.507295782917092311e+02 5.506990934238750697e+02 1.052519423710070789e+00 1.028050592939985908e+00
4.798423289425629719e+02 4.798516499285989880e+02 1.765963223016304040e+00 1.726308778552684275e+00
5.701868884697095154e+02 5.702141239494898173e+02 5.420885787556367630e-01 5.184225265284132522e-01
4.834784384107455253e+02 4.834520208190015751e+02 1.738851487780598282e+00 1.707422088468155241e+00
5.387330817487951435e+02 5.387198732361350721e+02 1.000486896640997880e+00 9.307359247995429241e-01
4.523248051813901043e+02 4.523506166807856630e+02 1.999884807119574504e+00 1.978937619934006298e+00
5.395521512792812473e+02 5.395044492358264279e+02 1.139921720964160778e+00 1.163372244277176559e+00
5.676118703917330777e+02 5.676344940537040884e+02 5.893848108874339964e-01 6.018037878358029058e-01
5.550992611265767209e+02 5.551592530366126539e+02 8.803399031083734005e-01 8.632902497818242260e-01
5.640460213749477134e+02 5.640019314583399819e+02 6.703857612703634228e-01 7.079772823701825368e-01
5.636327970241525236e+02 5.636238712085045108e+02 6.706596161833100478e-01 6.785534069330177998e-01
5.679661998339266802e+02 5.679801000957099859e+02 5.883446381213556231e-01 5.809901383010845910e-01
5.340414014473623183e+02 5.340130123501353410e+02 1.119252913737357913e+00 1.163606097749188661e+00
5.173961793233841036e+02 5.173400445685100522e+02 1.346746657401881819e+00 1.263557546506216989e+00
5.139147284385941248e+02 5.139342720480996149e+02 1.430723926159164439e+00 1.413671753411159582e+00
4.708533349779821151e+02 4.707742427202202293e+02 1.801372975695298972e+00 1.816882187315864927e+00
5.059441927818999147e+02 5.060105817706922835e+02 1.467671737794857378e+00 1.413219713438289338e+00
4.950081556572708337e+02 4.950267674751650588e+02 1.653906930579954748e+00 1.767591295552362274e+00
5.059441927818999147e+02 5.059763774305799870e+02 1.467671737794857378e+00 1.501568836704732846e+00
5.645957307599118167e+02 5.646113215427308205e+02 6.523908823209109142e-01 6.577152058622119934e-01
5.469013877413531191e+02 5.469003217527816787e+02 1.016229101167536397e+00 1.011268006711877998e+00
4.958767916756685281e+02 4.958704907900926173e+02 1.645553876447151564e+00 1.634802129479485888e+00
5.713577603843361885e+02 5.713541660965507845e+02 5.056872678606996185e-01 4.991622659301181986e-01
5.661186372858353479e+02 5.661554610438761301e+02 8.044129054378725829e-01 7.742851188542395624e-01
5.728345079611459596e+02 5.728501991445303929e+02 4.407782503555136566e-01 4.329308666178205978e-01
5.632998524575674537e+02 5.633361994970949809e+02 8.560277775436316849e-01 9.009293652922878426e-01
5.598406456743047102e+02 5.598586780944624479e+02 9.546220064842618758e-01 9.847595692076934748e-01
5.578705914924031504e+02 5.579029456032282042e+02 7.733136005801493074e-01 7.957133925398733876e-01
5.071133115185244264e+02 5.071780347827697142e+02 1.569014721427952175e+00 1.621446443812106342e+00
5.109278765091587502e+02 5.107872456235083405e+02 1.362933434762845897e+00 1.392130871567390127e+00
5.715044616626873903e+02 5.714570176442160800e+02 5.097234464603200843e-01 4.924040981962967689e-01
5.681632623444439787e+02 5.681003796415312763e+02 6.037527803926266978e-01 6.281015524662147964e-01
5.653176675240255236e+02 5.652706456013007710e+02 7.376941936125007704e-01 7.013899206562284050e-01
5.547433421783263157e+02 5.547182126830797415e+02 1.204163174385204593e+00 1.176886811054515425e+00
5.575742376324215002e+02 5.574980971170219846e+02 1.079016991360824296e+00 1.114746984519413342e+00
5.168901214347899895e+02 5.169786111080612727e+02 1.366571413132906754e+00 1.398547375721236774e+00
5.688884617531032291e+02 5.688694389984345889e+02 5.674058770282329744e-01 5.772451728899326007e-01
4.879105505548978385e+02 4.878880721896230170e+02 1.708250995889640578e+00 1.707693777124681844e+00
5.133613336502691027e+02 5.132978434247859241e+02 1.436792294565960360e+00 1.578458361817586919e+00
5.404153733226220311e+02 5.403128515652022088e+02 1.284548639149376115e+00 1.271640933213376012e+00
5.024298271789469368e+02 5.024644493161537753e+02 1.566421999621393502e+00 1.535334948286664503e+00
5.026664557059991125e+02 5.027392686010098828e+02 1.558281052188275284e+00 1.622686452184614048e+00
5.693108215007387116e+02 5.693068353192810491e+02 5.231099378735990513e-01 5.462735331793672211e-01
5.263656060122566487e+02 5.263831611977382181e+02 1.353193756094496658e+00 1.339628321086377305e+00
5.671061578381397794e+02 5.671419676502296170e+02 6.193989107710554665e-01 6.343977493682422253e-01
4.526599991382326493e+02 4.527172098359500296e+02 1.945114469032535931e+00 1.969376671045878657e+00
4.550357729762706072e+02 4.551342957147635957e+02 2.005612300329679965e+00 2.015487768266102986e+00
5.450503668405763165e+02 5.450285652235075986e+02 9.241118857546186671e-01 9.091191541553609312e-01
4.623300446542344275e+02 4.624685941732148535e+02 1.856607470193098131e+00 1.772786808037302597e+00
5.705333177178339383e+02 5.705804231512362321e+02 5.004996051902885768e-01 5.130134080829954479e-01
5.697111047581033745e+02 5.696991780060980091e+02 4.733383831105323902e-01 4.858720066494966461e-01
5.717794476894689524e+02 5.717445204940245276e+02 4.565799814153262415e-01 4.566072872454319254e-01
5.697059172403425009e+02 5.697002542373521692e+02 6.686403346790489310e-01 6.653398698619209517e-01
5.684511230732362037e+02 5.684703663011036952e+02 8.276911531962538593e-01 8.200741304289773659e-01
5.440011779428480168e+02 5.440298163292683284e+02 1.033524456572615380e+00 9.854232600267994746e-01
5.722566361096421588e+02 5.723059979365192476e+02 4.896038940997757827e-01 4.826294880413553035e-01
5.055571822725436277e+02 5.055626597241630975e+02 1.478585787499898663e+00 1.429164304564610743e+00
5.522955502962278160e+02 5.522931503293128799e+02 8.467285813183146326e-01 8.423945057508257506e-01
5.337937306867999041e+02 5.337777266314839153e+02 1.267219127093953679e+00 1.230090910631362888e+00
5.708508372174678698e+02 5.708299203127871806e+02 5.260791356975087485e-01 5.271150165607144666e-01
5.681083949879979400e+02 5.680825325892978981e+02 5.884921493216408450e-01 5.767676060548723171e-01
5.672167739438699527e+02 5.672260281900646532e+02 9.209258249213649883e-01 9.311958682145191624e-01
5.522274538236467833e+02 5.522727137017952828e+02 9.892704908503743289e-01 1.006136314770770479e+00
4.367371348425488122e+02 4.368182181380748830e+02 2.127254236490675243e+00 2.044786542964407872e+00
5.721074522498071246e+02 5.721091050712110473e+02 4.502530038369973453e-01 4.361934924603754204e-01
5.645475768421015346e+02 5.645846660033162152e+02 8.252714177382088900e-01 7.933778716552427612e-01
5.714480047125123292e+02 5.714339530594297685e+02 5.107528912081837902e-01 5.145224423341492326e-01
4.374937304241612992e+02 4.375712723761432699e+02 2.071505898650868538e+00 2.126003668697723281e+00
4.430877082512690208e+02 4.429770939108175298e+02 2.035129421226268498e+00 2.032540411785606072e+00
5.715652398251015711e+02 5.715523650420165040e+02 5.078220562540052274e-01 4.946517129155324488e-01
4.356161932946021125e+02 4.356512331796993749e+02 2.103928060676746981e+00 2.080435896884924585e+00
5.568585572848811580e+02 5.568209854962781264e+02 1.029705164896944636e+00 1.026250735966617089e+00
5.574933388760714479e+02 5.574820031350363934e+02 1.023922038685421754e+00 1.053818243631962526e+00
5.673067949415157045e+02 5.672450917151282965e+02 8.425247682915627534e-01 8.457240992101378030e-01
4.523090803645504252e+02 4.523496259454793176e+02 1.957453821661134130e+00 1.908284071700426798e+00
4.552000655525615116e+02 4.551429671342574466e+02 1.935293118942149393e+00 1.870779916971801793e+00
5.551467319777793819e+02 5.552222223195797142e+02 1.025539101085981786e+00 1.071893136840268879e+00
4.274265472855423695e+02 4.273696242467195248e+02 2.146696238440236826e+00 2.084925221027098097e+00
5.440122526510759826e+02 5.439652109507376281e+02 1.113415714402375523e+00 1.072972157098700086e+00
4.392064502726654496e+02 4.391986427482651152e+02 2.097284105406688415e+00 2.139349333814172027e+00
4.350625918904673313e+02 4.350901324234745857e+02 2.112481562471973717e+00 2.156592435635167337e+00
5.681043791686328177e+02 5.681120858940230391e+02 5.868389001475993183e-01 5.501947898364577538e-01
5.262327858763745780e+02 5.261895130737857471e+02 1.348385959369894804e+00 1.364185728043407986e+00
5.155984961199934560e+02 5.156024681454337042e+02 1.426323953190668625e+00 1.409545491529894390e+00
5.573447113663281698e+02 5.573419302880778332e+02 1.014660445068608086e+00 9.858831491248780665e-01
5.176658703688847254e+02 5.176909278114590052e+02 1.418054484502528023e+00 1.333321433080532081e+00
5.172809623909525953e+02 5.171402623924032014e+02 1.422039252767376194e+00 1.392511390714649799e+00
5.700386899995415888e+02 5.700140972306267031e+02 7.240767964577562443e-01 6.849515421919776248e-01
5.025425302464049082e+02 5.025895499188029021e+02 1.608589637175466436e+00 1.644402879559019759e+00
4.542512507088713392e+02 4.542883201354804896e+02 1.973292001841881582e+00 1.949644601339614480e+00
5.274240255047685650e+02 5.274006463429499263e+02 1.368062524581032724e+00 1.345876490814910786e+00
4.554489964329256964e+02 4.554687065153550520e+02 1.963628007556632804e+00 1.986834281043774464e+00
4.562104710044122271e+02 4.561267440033778371e+02 1.895402815219450643e+00 1.904911889317642881e+00
5.687131623240060208e+02 5.687298991803081663e+02 5.755178396530454821e-01 5.704973067776256679e-01
5.734208573483288092e+02 5.734608559899296552e+02 4.502248760149413220e-01 4.505385991097345944e-01
5.737865246474169680e+02 5.737828163099934500e+02 4.420074170513982881e-01 4.556675443217129695e-01
5.750011600142638599e+02 5.749940516416995706e+02 4.110218227310199479e-01 4.183530985121819423e-01
5.551442589635076956e+02 5.551096532804970138e+02 8.110361011319912050e-01 7.972354849469156512e-01
5.714824891679490975e+02 5.714819460717453694e+02 4.993530780826621052e-01 4.875860633170500114e-01
5.147658283346748931e+02 5.148206359211067138e+02 1.373430845114268939e+00 1.394390907092388554e+00
5.678769550355733600e+02 5.678977088270995637e+02 5.766382885011858139e-01 5.592867838728895480e-01
5.618741439450350299e+02 5.618831876917365662e+02 8.849400719791894465e-01 8.396288675166326820e-01
5.736505792497914626e+02 5.736605382294748097e+02 4.489880419672124257e-01 4.537207501705819435e-01
5.537993108931551660e+02 5.538084219748944861e+02 8.342620208214523991e-01 7.973011131134065677e-01
5.632622415347866536e+02 5.632971761872554453e+02 6.847785366978936805e-01 6.980125871362788947e-01
5.068413330566644959e+02 5.067748337347263146e+02 1.397750722970641180e+00 1.403595606272024510e+00
4.519247751702042137e+02 4.518918324001315909e+02 2.002007495676793258e+00 1.997660599547420590e+00
4.522826378693458764e+02 4.522394191897270730e+02 1.999316052570511149e+00 1.988681900120998325e+00
4.531451134142632213e+02 4.530948483853644575e+02 1.993238327153182832e+00 1.919016449176210060e+00
5.670550819777910192e+02 5.670549447485716428e+02 6.075594198560572146e-01 6.318047936110199325e-01
5.723274472566884015e+02 5.723536759856662002e+02 4.603027877491954190e-01 4.426033375794785618e-01
4.422356028553142551e+02 4.422911133438428237e+02 2.058430856431570533e+00 2.106197172214184565e+00
4.490862694155262034e+02 4.489490467374911873e+02 2.009240863073152195e+00 2.032601275757689230e+00
4.302253558535795150e+02 4.300764203904746523e+02 2.122994506676935345e+00 2.199015652782047692e+00
5.603213395410294879e+02 5.602109008115593269e+02 9.197547728811759082e-01 9.121551412267766556e-01
4.453928099864160686e+02 4.453334738433613893e+02 2.034254096493206987e+00 1.917748128817169384e+00
5.688483859639799221e+02 5.688440116043186663e+02 5.661764882796286313e-01 5.309980078124237890e-01
5.298865702286705073e+02 5.299246975698226834e+02 1.149973900354417156e+00 1.111382114232290386e+00
5.633891927894699165e+02 5.633820581614768344e+02 6.755450836409956361e-01 6.540386087924954239e-01
5.699887784709688958e+02 5.700076556019013196e+02 6.233573183318774635e-01 6.738310937910105824e-01
4.692533071073179372e+02 4.692170688694959040e+02 1.890289822538621323e+00 1.819794095731593231e+00
4.945776165153812940e+02 4.947006105893711947e+02 1.717726054517037193e+00 1.726463429126939175e+00
5.630956167930841048e+02 5.631448693989555068e+02 6.824358454436622035e-01 6.874556360546254519e-01
4.708775184595952510e+02 4.707906512400613224e+02 1.898415575060603766e+00 1.862505744803176100e+00
4.704678047135100201e+02 4.704730605569301360e+02 1.927370546442333188e+00 1.983046368992123831e+00
4.694863628902392065e+02 4.695925844339065520e+02 1.873840458474400839e+00 1.901649150614660000e+00
5.502501167730084717e+02 5.502377484498076683e+02 8.743319834565990156e-01 8.699386728705922334e-01
5.717468075190566879e+02 5.717429528227844457e+02 4.258536084017281453e-01 4.258189480061567722e-01
5.033880768226528062e+02 5.035214492081283879e+02 1.572068074864583442e+00 1.535010537467752290e+00
5.677872886122563614e+02 5.677773610769071411e+02 6.891912563785727031e-01 6.712463991560660981e-01
5.694946300145238638e+02 5.694986482510316819e+02 6.534798589738629593e-01 6.483804721702486340e-01
4.975927055674791859e+02 4.975910860385831711e+02 1.636812653383850291e+00 1.579035508845741065e+00
4.695840428558496455e+02 4.695785596161156263e+02 1.869380597670015076e+00 1.860795003287977423e+00
5.692059067181568253e+02 5.691747756112671368e+02 6.519306148476536888e-01 6.609178863288059924e-01
5.718745929642423107e+02 5.718704730252628678e+02 6.436143555407340955e-01 6.500890968312356133e-01
4.946484865885442446e+02 4.945090798359938162e+02 1.665937609165858646e+00 1.647284902258272954e+00
5.499887751556528883e+02 5.500748108771678062e+02 1.170935741956580678e+00 1.171265902228660449e+00
4.328603213166358614e+02 4.328390514844773520e+02 2.121991523811651348e+00 2.139901351247146977e+00
4.342653908829575471e+02 4.345738459487714636e+02 2.115608955780492906e+00 2.123701579284321017e+00
5.643309301820288510e+02 5.643267454780640264e+02 6.589047345062765126e-01 6.204718127225038460e-01
4.547611433889435943e+02 4.546881350342181349e+02 1.973665699855556843e+00 1.911867924736601498e+00
4.571957566743021175e+02 4.570862450211920418e+02 1.961385232526995370e+00 2.022185590101989838e+00
4.291317114549626126e+02 4.289732890665176797e+02 2.156462014926236126e+00 2.174176245558649967e+00
5.694222297445320464e+02 5.693486387542914144e+02 6.516795698376409707e-01 6.531826274846942448e-01
5.047318599294169417e+02 5.047246998853337914e+02 1.597603627850406438e+00 1.625701340098214320e+00
5.722036912018819521e+02 5.722043401146150927e+02 4.889323364627430890e-01 5.024642903342975142e-01
5.693145901363358234e+02 5.692859630058435414e+02 5.564490366606411609e-01 5.675892684043808423e-01
5.045833603566136389e+02 5.046086657188154732e+02 1.491616287146435127e+00 1.525138195826420517e+00
4.349033439971282178e+02 4.347634969184003921e+02 2.109468070392618078e+00 2.153428607226668845e+00
5.351517151891698632e+02 5.351519310607209263e+02 1.219566508898566548e+00 1.180491289874644245e+00
4.826333292173488871e+02 4.826288409357441083e+02 1.789926633301240244e+00 1.739267331890699042e+00
