0.001	0.3557824103389775	0.9350115321854131
0.0010722672220103231	0.34028528808780245	0.9150110461338713
0.0011497569953977356	0.3241680678663925	0.887838034056806
0.0012328467394420659	0.3075152169530504	0.8536712505167021
0.0013219411484660286	0.2904223723934758	0.8128819890060508
0.0014174741629268048	0.27299500642553043	0.7660516642172176
0.0015199110829529332	0.2553467969810759	0.7139822097179319
0.0016297508346206436	0.23759765229988838	0.65769884784954
0.001747528400007683	0.21987134066289027	0.5984460306471654
0.001873817422860383	0.20229271171553598	0.5376786459583117
0.002009233002565048	0.18498456370111804	0.47705147500575046
0.0021544346900318843	0.16806429724449035	0.4184089653251566
0.0023101297000831605	0.1516405775007681	0.36377075810056564
0.0024770763559917113	0.13581027684404345	0.31528739163233493
0.0026560877829466868	0.1206559713430655	0.2750942207447024
0.002848035868435802	0.106244211560093	0.2449387364569908
0.0030538555088334154	0.09262469290648667	0.22552910697873166
0.0032745491628777285	0.07983033556358898	0.215928597124254
0.003511191734215131	0.06787817518536943	0.21364687594461593
0.0037649358067924675	0.05677088507910599	0.21554082333557642
0.004037017258596553	0.046498710033004764	0.21879472854209542
0.004328761281083057	0.03704159176344701	0.22139317169911646
0.004641588833612782	0.028371297262925532	0.22213555469870824
0.004977023564332114	0.020453410752557355	0.22046117743823482
0.005336699231206312	0.0132491038760707	0.2162534833107704
0.00572236765935022	0.006716646759770795	0.20967975391057003
0.006135907273413176	0.0008126588317272088	0.20107245285914077
0.006579332246575682	-0.004506879059503532	0.19084490273932464
0.007054802310718645	-0.009285818716937233	0.1794330205851025
0.007564633275546291	-0.013567210544164987	0.1672565747474354
0.008111308307896872	-0.017392810151984683	0.15469508359424802
0.008697490026177835	-0.020802700090569726	0.1420746275899705
0.0093260334688322	-0.023835007069087477	0.12966262147080035
0.01	-0.026525699699773586	0.11766816214004626
0.010722672220103232	-0.02890845544120768	0.10624603517946717
0.011497569953977356	-0.03101458714345373	0.09550287457669615
0.012328467394420659	-0.03287302129733938	0.08550433803642216
0.013219411484660293	-0.034510319808222945	0.07628248156476107
0.014174741629268055	-0.035950738545018956	0.06784278673212553
0.01519911082952934	-0.037216314018398755	0.0601705097333447
0.016297508346206444	-0.038326973150395016	0.05323618507393326
0.01747528400007684	-0.039300658082294215	0.047000233727340565
0.01873817422860384	-0.040153460746168435	0.041416703578382806
0.02009233002565047	-0.04089976413106744	0.03643621704553559
0.021544346900318846	-0.04155238162751951	0.03200822492228238
0.023101297000831605	-0.04212269732874663	0.02808267355445281
0.024770763559917114	-0.04262079817451425	0.02461119008711326
0.026560877829466867	-0.04305560551244103	0.021547881889979234
0.02848035868435802	-0.04343498725935069	0.018849834539431697
0.030538555088334154	-0.04376587759629669	0.016477379985769022
0.03274549162877728	-0.044054370913116814	0.014394194037740315
0.03511191734215131	-0.04430582291196894	0.012567270776064935
0.037649358067924674	-0.044524933022920155	0.010966811613791786
0.04037017258596556	-0.04471581138975944	0.009566058086013138
0.04328761281083059	-0.04488206476397283	0.008341090501138711
0.046415888336127795	-0.04502684599306417	0.007270608744961192
0.049770235643321115	-0.04515288936285866	0.006335707371309976
0.0533669923120631	-0.04526262526926772	0.005519653060296111
0.05722367659350217	-0.045358144518642285	0.004807670467941335
0.06135907273413173	-0.04544129296691912	0.004186739717290036
0.06579332246575682	-0.045513650279274454	0.0036454081529645166
0.07054802310718646	-0.04557658059849612	0.0031736168016301487
0.07564633275546291	-0.04563142526986608	0.002762542446560546
0.08111308307896872	-0.04567900349534737	0.0024044545592703166
0.08697490026177834	-0.04572050476367495	0.0020925863865633807
0.093260334688322	-0.04575669454575282	0.001821020059171359
0.1	-0.045788104807991004	0.0015845836900522119
0.10722672220103231	-0.04581525402337716	0.001378760321935772
0.11497569953977356	-0.04583897828344485	0.001199606992242033
0.12328467394420659	-0.04585940178095227	0.00104368359521978
0.13219411484660287	-0.045877683611060927	0.0009079899445374233
0.14174741629268048	-0.04589327103416341	0.0007899104419193812
0.1519911082952933	-0.04590669898313404	0.0006871652970890487
0.16297508346206452	-0.04591927631509796	0.000597768416907267
0.1747528400007685	-0.0459288450357529	0.0005199896178006439
0.1873817422860385	-0.04593835215879494	0.00045232178875700784
0.2009233002565048	-0.04594564595923878	0.000393452650091793
0.21544346900318845	-0.045950797220848716	0.00034224024496509205
0.23101297000831603	-0.04596198332347834	0.00029768967826539807
0.24770763559917114	-0.04596480507808687	0.00025893536765870634
0.26560877829466867	-0.04596886360149932	0.00022522393930454325
0.2848035868435802	-0.04596717963010721	0.00019589997148691864
0.30538555088334157	-0.04597318696750985	0.00017039229258811883
0.32745491628777285	-0.04597057350713829	0.0001482052782821191
0.3511191734215131	-0.04598022079707276	0.0001289060869038638
0.37649358067924676	-0.04595863044450477	0.00011212000205575886
0.40370172585965536	-0.04598934574617475	9.75193196381312e-05
0.4328761281083057	-0.04597252858943213	8.48189769409838e-05
0.4641588833612782	-0.04601046440505119	7.377230344712023e-05
0.49770235643321137	-0.045991185283857816	6.416530643938222e-05
0.5336699231206312	-0.04593772678948416	5.5808299864086454e-05
0.572236765935022	-0.04596732409844895	4.8540357864088514e-05
0.6135907273413176	-0.046178071918011376	4.2217229241638726e-05
0.6579332246575682	-0.04604841264928716	3.671926159661577e-05
0.7054802310718645	-0.04630142373679458	3.193626144554682e-05
0.7564633275546291	-0.04594665337885484	2.777749331500353e-05
0.8111308307896873	-0.04539539863024211	2.4158666493997072e-05
0.8697490026177834	-0.04620264816884678	2.1013136841416694e-05
0.9326033468832199	-0.046877860428324425	1.8276703631095083e-05
1.0	-0.045301020680271975	1.590019746994188e-05
