0.001	0.6593585088981098	1.5539722001948162
0.0010722672220103231	0.5838162211870106	1.5240901463420116
0.0011497569953977356	0.513193463166969	1.4809902471070866
0.0012328467394420659	0.44777365930854085	1.425192980587474
0.0013219411484660286	0.38768998169351643	1.3576119509123195
0.0014174741629268048	0.332937562056431	1.279553584363686
0.0015199110829529332	0.2833936000604871	1.192702268563439
0.0016297508346206436	0.238842062715251	1.0990913674301641
0.001747528400007683	0.198999615850173	1.0010616328293824
0.001873817422860383	0.1635399877723107	0.9012093764711232
0.002009233002565048	0.13211487837653757	0.8023265641215123
0.0021544346900318843	0.10437050677650705	0.7073319799171027
0.0023101297000831605	0.07995971532768453	0.6191833920286652
0.0024770763559917113	0.058550105489430404	0.5407407383038231
0.0026560877829466868	0.03982896204353037	0.47452120091425715
0.002848035868435802	0.023505783505660682	0.4222795327517473
0.0030538555088334154	0.009313158741113492	0.384445692678067
0.0032745491628777285	-0.002993413594201577	0.3597037883945891
0.003511191734215131	-0.013636323014404983	0.3451479015427634
0.0037649358067924675	-0.022816963600862494	0.3370952233176561
0.004037017258596553	-0.03071698244648824	0.33206333718768255
0.004328761281083057	-0.03749955616279699	0.32738350734998845
0.004641588833612782	-0.043310646929705876	0.32134900275260153
0.004977023564332114	-0.04828022308675761	0.3130841827216632
0.005336699231206312	-0.05252344625473926	0.3023245882794618
0.00572236765935022	-0.056141832535661074	0.28920750397091477
0.006135907273413176	-0.05922439389105516	0.2741053649981496
0.006579332246575682	-0.061848760993694074	0.25750433299159464
0.007054802310718645	-0.06408228338666822	0.23992093096973274
0.007564633275546291	-0.06598309832987048	0.22184823711391916
0.008111308307896872	-0.06760115713872306	0.203724115779959
0.008697490026177835	-0.0689791972759749	0.18591535189846123
0.0093260334688322	-0.07015364966486815	0.16871282906441767
0.01	-0.07115547313054638	0.15233397306057667
0.010722672220103232	-0.07201091085817113	0.1369295905835379
0.011497569953977356	-0.07274216695899405	0.12259299154953586
0.012328467394420659	-0.07336800420139966	0.10936990715055699
0.013219411484660293	-0.07390426616076307	0.09726821497622039
0.014174741629268055	-0.07436432883000732	0.08626686779005363
0.01519911082952934	-0.07475948807046207	0.07632370730715915
0.016297508346206444	-0.07509928934777299	0.06738204438963327
0.01747528400007684	-0.07539180722659167	0.059376018986980736
0.01873817422860384	-0.07564388055602367	0.05223483291053235
0.02009233002565047	-0.07586130975489025	0.045885990249928614
0.021544346900318846	-0.07604902238325817	0.04025769584134983
0.023101297000831605	-0.07621121189013358	0.03528056081637492
0.024770763559917114	-0.07635145289002432	0.030888752969768982
0.026560877829466867	-0.07647279556216136	0.027020713261257545
0.02848035868435802	-0.07657785105280068	0.02361954148707971
0.030538555088334154	-0.07666885437962634	0.020633136426093695
0.03274549162877728	-0.0767477229204907	0.018014159002520843
0.03511191734215131	-0.07681610569924746	0.0157198727463744
0.037649358067924674	-0.07687541661460928	0.013711903467958872
0.04037017258596556	-0.07692688105665912	0.011955949910513505
0.04328761281083059	-0.07697154665637651	0.010421468998290025
0.046415888336127795	-0.07701032243611905	0.009081352731141247
0.049770235643321115	-0.07704399145326146	0.00791160879206964
0.0533669923120631	-0.07707323428833401	0.006891053006473573
0.05722367659350217	-0.07709863610808221	0.00600101888510278
0.06135907273413173	-0.07712071173920088	0.00522508727288043
0.06579332246575682	-0.07713988615980993	0.004548837641685525
0.07054802310718646	-0.07715656784629321	0.003959621305524298
0.07564633275546291	-0.07717102703879586	0.003446356183493547
0.08111308307896872	-0.07718363716455612	0.0029993422187993197
0.08697490026177834	-0.07719456498753086	0.0026100961812027487
0.093260334688322	-0.07720412532426357	0.0022712044603755495
0.1	-0.07721242183503874	0.001976192162882773
0.10722672220103231	-0.07721956593591062	0.0017194075062427947
0.11497569953977356	-0.07722572617852907	0.001495919501431958
0.12328467394420659	-0.0772312474059218	0.00130142744389007
0.13219411484660287	-0.0772358801499693	0.0011321823413167642
0.14174741629268048	-0.07724040011027122	0.0009849165236851408
0.1519911082952933	-0.07724380711878454	0.000856783202294216
0.16297508346206452	-0.07724654545754872	0.0007453020495737554
0.1747528400007685	-0.07724958460050502	0.0006483132507502285
0.1873817422860385	-0.07725131875580338	0.0005639360312813713
0.2009233002565048	-0.077253906235768	0.0004905329781119406
0.21544346900318845	-0.07725649584572114	0.0004266785320796737
0.23101297000831603	-0.07725752084785598	0.00037113178649547863
0.24770763559917114	-0.07725828014504232	0.00032281335306931405
0.26560877829466867	-0.07726010277784756	0.00028078292375651446
0.2848035868435802	-0.07726175845546013	0.0002442230113718369
0.30538555088334157	-0.07726387424792802	0.00021242223462110185
0.32745491628777285	-0.07726357985329935	0.00018476080851529696
0.3511191734215131	-0.07725390057516168	0.00016070122013012438
0.37649358067924676	-0.07725951153445954	0.0001397743559518227
0.40370172585965536	-0.0772597587290288	0.00012157069629257093
0.4328761281083057	-0.07726635894210199	0.00010573818628951118
0.4641588833612782	-0.07727063694311209	9.196748897108405e-05
0.49770235643321137	-0.07726118113532376	7.999100689354224e-05
0.5336699231206312	-0.07729923621462043	6.957287055271996e-05
0.572236765935022	-0.07732284830445646	6.051203444510243e-05
0.6135907273413176	-0.07717784429239305	5.263052534265772e-05
0.6579332246575682	-0.07737177129887307	4.577559428834211e-05
0.7054802310718645	-0.07726646207418142	3.981322142575221e-05
0.7564633275546291	-0.07704878661673542	3.462816862548939e-05
0.8111308307896873	-0.07736100832806547	3.0120000465171477e-05
0.8697490026177834	-0.07740418079378675	2.6193560771862697e-05
0.9326033468832199	-0.07699660536889974	2.2783447728359076e-05
1.0	-0.07701090150508605	1.98164556793102e-05
