0.001	0.26984874419559257	0.8717933793260214
0.0010722672220103231	0.25947490064039047	0.8598380825439477
0.0011497569953977356	0.24870379618173089	0.8407216652046003
0.0012328467394420659	0.2375968037094145	0.8144954315738295
0.0013219411484660286	0.22622243822327825	0.7813968481275805
0.0014174741629268048	0.21465473182070283	0.7418678750783864
0.0015199110829529332	0.2029713284362491	0.6965680140298104
0.0016297508346206436	0.19125136920157915	0.6463811891393407
0.001747528400007683	0.17957326281520447	0.5924164247898458
0.001873817422860383	0.16801245888823346	0.5360034131063793
0.002009233002565048	0.15663936013278357	0.4786852326530525
0.0021544346900318843	0.14551751471158658	0.4222107699741392
0.0023101297000831605	0.1347022177801922	0.36852606540531974
0.0024770763559917113	0.12423961951511586	0.3197499437110621
0.0026560877829466868	0.11416638864616546	0.27808253940649935
0.002848035868435802	0.10450992269602177	0.24553414169742935
0.0030538555088334154	0.09528903827582114	0.22335724368864232
0.0032745491628777285	0.08651502653741683	0.21133030734930414
0.003511191734215131	0.07819292804629963	0.20751023693938284
0.0037649358067924675	0.07032287227983214	0.20889699487183336
0.004037017258596553	0.06290133985052493	0.21249990349784512
0.004328761281083057	0.05592223676739638	0.21602134823220553
0.004641588833612782	0.0493777128065811	0.21800255469999605
0.004977023564332114	0.04325870238284346	0.21768763908852856
0.005336699231206312	0.037555208232449955	0.21482513022310892
0.00572236765935022	0.03225637973638151	0.20949488125927246
0.006135907273413176	0.02735045549724391	0.2019773058361297
0.006579332246575682	0.022824643286667223	0.1926595890133495
0.007054802310718645	0.018665002255804142	0.18197021949102687
0.007564633275546291	0.014856375765553986	0.170334669293751
0.008111308307896872	0.011382403257878204	0.15814689469095178
0.008697490026177835	0.008225620084631569	0.1457526710006724
0.0093260334688322	0.005367638011165576	0.13344165932821955
0.01	0.0027893882871092845	0.12144572052147294
0.010722672220103232	0.00047140344022200686	0.1099414724813809
0.011497569953977356	-0.0016058870028029526	0.09905549779527877
0.012328467394420659	-0.003461868758533715	0.08887097338523309
0.013219411484660293	-0.005115480739775524	0.07943481564344117
0.014174741629268055	-0.006584990297420323	0.07076470985068756
0.01519911082952934	-0.007887812387723181	0.06285561847793525
0.016297508346206444	-0.009040374324628675	0.05568553935124977
0.01747528400007684	-0.010058025506554213	0.04922041538416938
0.01873817422860384	-0.010954985525512329	0.04341818845456495
0.02009233002565047	-0.011744327255431952	0.038232048464013034
0.021544346900318846	-0.012437989605970312	0.033612962008362356
0.023101297000831605	-0.01304680960892235	0.029511580244855035
0.024770763559917114	-0.013580571831529498	0.0258796281761862
0.026560877829466867	-0.014048071208871082	0.02267087231940431
0.02848035868435802	-0.0144571782597539	0.01984175405576047
0.030538555088334154	-0.014814912611747277	0.017351764193784074
0.03274549162877728	-0.015127515866794727	0.015163622148511071
0.03511191734215131	-0.01540051888964078	0.013243311650282374
0.037649358067924674	-0.015638816857559856	0.0115600145046934
0.04037017258596556	-0.01584672197783954	0.010085974945339658
0.04328761281083059	-0.016028046847478827	0.008796319558505334
0.046415888336127795	-0.01618612540456643	0.007668851725244041
0.049770235643321115	-0.016323901245335892	0.006683834250309985
0.0533669923120631	-0.0164439452493651	0.005823770356562534
0.05722367659350217	-0.0165485226908344	0.00507318968865032
0.06135907273413173	-0.01663960474004622	0.0044184442750217975
0.06579332246575682	-0.016718905642346016	0.003847516854812173
0.07054802310718646	-0.016787973826331792	0.0033498435560657203
0.07564633275546291	-0.016848063601049845	0.0029161513645734253
0.08111308307896872	-0.01690038645545988	0.0025383103176821555
0.08697490026177834	-0.01694589257226331	0.002209200265615602
0.093260334688322	-0.01698560248981451	0.0019225910416854532
0.1	-0.017019992818330887	0.0016730357074675143
0.10722672220103231	-0.017050174704789978	0.001455775211407778
0.11497569953977356	-0.017076181744610897	0.0012666541095617447
0.12328467394420659	-0.017098924138829186	0.0011020458916983398
0.13219411484660287	-0.01711840567944567	0.0009587868479086928
0.14174741629268048	-0.017135765371012468	0.000834118500053575
0.1519911082952933	-0.017151020150634966	0.0007256360948161623
0.16297508346206452	-0.017164455083069075	0.0006312442381760613
0.1747528400007685	-0.017175284567962024	0.0005491169776068477
0.1873817422860385	-0.017184806686968535	0.00047766432168979393
0.2009233002565048	-0.017192860458524972	0.00041550125282888286
0.21544346900318845	-0.017201212919640718	0.0003614221113475553
0.23101297000831603	-0.0172052823344927	0.000314377036243552
0.24770763559917114	-0.017216118981043138	0.0002734521191192785
0.26560877829466867	-0.01721845451158588	0.0002378520896833616
0.2848035868435802	-0.01722248148831962	0.00020688492715418172
0.30538555088334157	-0.01722851518719104	0.00017994794515037115
0.32745491628777285	-0.017232339757230597	0.00015651724474285324
0.3511191734215131	-0.017234535904336767	0.0001361360903509806
0.37649358067924676	-0.01723074537119451	0.00011840835219684835
0.40370172585965536	-0.017218373122569908	0.00010298943452244735
0.4328761281083057	-0.017222197929715688	8.957733759442541e-05
0.4641588833612782	-0.017228078741916897	7.791093521728116e-05
0.49770235643321137	-0.01721590885496449	6.776494700873696e-05
0.5336699231206312	-0.017190999458530087	5.893944048625671e-05
0.572236765935022	-0.017248287329072576	5.126274808824675e-05
0.6135907273413176	-0.01733135538103847	4.458577629664504e-05
0.6579332246575682	-0.01721419519496703	3.878021908574103e-05
0.7054802310718645	-0.01711153011193378	3.372905502964482e-05
0.7564633275546291	-0.01712837120254418	2.933580556098195e-05
0.8111308307896873	-0.017553298554796815	2.5516776467125894e-05
0.8697490026177834	-0.01670904284019381	2.2193900002721925e-05
0.9326033468832199	-0.01712611183369095	1.9302503639798132e-05
1.0	-0.016555010718476093	1.6788856409404723e-05
