chr1_3995170_T_C_b38	1	3995170	0.0258176	580.819	580.727	0.0132172	1.31517e-12
chr1_4739210_G_A_b38	1	4739210	0.923408	580.409	580.302	0.0199102	3.48159e-08
chr1_6043858_T_C_b38	1	6043858	0.0197935	580.859	580.797	0.0112033	1.85875e-08
chr1_7982910_G_T_b38	1	7982910	0.0172117	580.886	580.828	0.00974295	1.22295e-09
chr1_9600241_A_G_b38	1	9600241	0.0258176	580.805	580.727	0.0130001	1.10256e-09
chr1_9629394_C_T_b38	1	9629394	0.0215146	580.856	580.807	0.00880454	9.6665e-09
chr1_9739610_G_A_b38	1	9739610	0.0163511	580.87	580.774	0.014549	2.03992e-11
chr1_35240414_G_A_b38	1	35240414	0.0283993	580.775	580.698	0.0141495	2.79418e-08
chr1_35858521_A_G_b38	1	35858521	0.0292599	580.764	580.678	0.0151082	4.48911e-09
chr1_36063954_C_T_b38	1	36063954	0.024957	580.798	580.719	0.0142051	1.33666e-08
chr1_36610027_G_A_b38	1	36610027	0.0111876	580.938	580.905	0.00519568	2.00134e-10
chr1_38036194_A_G_b38	1	38036194	0.0344234	580.729	580.649	0.014584	2.35875e-08
chr1_39901953_G_T_b38	1	39901953	0.0266781	580.817	580.76	0.0103857	2.93674e-08
chr1_43774123_A_C_b38	1	43774123	0.0129088	580.92	580.861	0.00941532	2.63519e-10
chr1_45054330_C_T_b38	1	45054330	0.0137694	580.914	580.854	0.00960243	2.1514e-10
chr1_48481225_A_G_b38	1	48481225	0.0146299	580.912	580.876	0.00595748	1.14283e-09
chr1_63635210_C_T_b38	1	63635210	0.0180723	580.878	580.808	0.0110033	1.47104e-10
chr1_66071833_A_C_b38	1	66071833	0.0163511	580.894	580.846	0.008328	6.48388e-09
chr1_152906433_A_G_b38	1	152906433	0.0137694	580.906	580.856	0.00928025	4.15265e-08
chr1_154829903_A_G_b38	1	154829903	0.143718	579.955	579.782	0.0280315	3.74434e-10
chr1_155283704_G_A_b38	1	155283704	0.0301205	580.766	580.662	0.0155328	8.43547e-12
chr1_155566947_G_A_b38	1	155566947	0.0275387	580.797	580.712	0.0133302	9.7121e-11
chr1_156066766_C_T_b38	1	156066766	0.0404475	580.683	580.576	0.0164499	3.48588e-11
chr1_162884784_C_T_b38	1	162884784	0.0524957	580.61	580.521	0.0153983	4.12724e-09
chr1_167139277_C_T_b38	1	167139277	0.0619621	580.5	580.386	0.0195339	2.35468e-09
chr1_169493193_T_C_b38	1	169493193	0.0223752	580.84	580.767	0.0118764	5.07653e-10
chr1_197296786_C_A_b38	1	197296786	0.0180723	580.869	580.79	0.0125655	2.18085e-10
chr1_201503847_T_G_b38	1	201503847	0.0438898	580.637	580.534	0.0178012	3.71556e-09
chr1_204358314_A_G_b38	1	204358314	0.0714286	580.492	580.405	0.0161994	3.96156e-08
chr1_204376157_C_T_b38	1	204376157	0.0387263	580.725	580.638	0.0132701	2.23904e-11
chr1_204878366_G_A_b38	1	204878366	0.0877797	580.369	580.264	0.0190664	1.62664e-08
chr1_208526314_G_A_b38	1	208526314	0.0387263	580.685	580.57	0.0173984	2.33387e-11
chr1_211547623_C_T_b38	1	211547623	0.139415	579.988	579.84	0.0264576	1.14058e-08
chr1_212183659_G_A_b38	1	212183659	0.0327022	580.754	580.677	0.0134444	4.32756e-09
chr1_230452339_G_A_b38	1	230452339	0.035284	580.743	580.664	0.0130407	8.99998e-10
chr1_232554543_T_G_b38	1	232554543	0.0309811	580.786	580.705	0.0123489	2.53763e-11
chr1_234083868_G_A_b38	1	234083868	0.0619621	580.529	580.411	0.0184368	1.02893e-10
chr1_234161237_G_A_b38	1	234161237	0.0834768	580.366	580.242	0.0205708	8.24584e-10
chr1_234470674_A_G_b38	1	234470674	0.0783133	580.394	580.268	0.0209378	8.22092e-10
chr1_234492144_G_A_b38	1	234492144	0.0180723	580.882	580.752	0.0150975	4.53574e-18
chr1_235622587_C_T_b38	1	235622587	0.0146299	580.893	580.817	0.0123242	2.62391e-10
chr1_237907159_C_A_b38	1	237907159	0.0447504	580.692	580.612	0.0127212	1.56158e-10
chr2_6967461_T_C_b38	2	6967461	0.020654	580.843	580.759	0.0135363	3.01067e-10
chr2_12588140_A_G_b38	2	12588140	0.975904	580.812	580.734	0.0136503	5.53633e-09
chr2_12739026_G_A_b38	2	12739026	0.0662651	580.49	580.387	0.0186143	1.23645e-08
chr2_12930301_T_C_b38	2	12930301	0.0438898	580.654	580.564	0.0161324	9.42903e-09
chr2_12968328_C_A_b38	2	12968328	0.0275387	580.808	580.747	0.0108468	1.0551e-08
chr2_19261924_G_A_b38	2	19261924	0.0163511	580.883	580.823	0.0108901	1.79909e-08
chr2_25891044_A_G_b38	2	25891044	0.0275387	580.8	580.699	0.0145067	1.38967e-12
chr2_25962578_T_C_b38	2	25962578	0.0654045	580.508	580.403	0.0187861	1.12304e-08
chr2_30164063_T_G_b38	2	30164063	0.0309811	580.772	580.701	0.0125779	8.18064e-09
chr2_37135352_T_C_b38	2	37135352	0.0163511	580.866	580.791	0.0133871	1.11698e-08
chr2_46407661_G_A_b38	2	46407661	0.0413081	580.686	580.597	0.0153351	2.94343e-09
chr2_46536234_A_G_b38	2	46536234	0.0378657	580.729	580.654	0.012889	3.32812e-09
chr2_46789818_A_G_b38	2	46789818	0.0240964	580.82	580.748	0.0126166	5.37068e-09
chr2_84333575_A_G_b38	2	84333575	0.177281	579.682	579.508	0.032494	4.23613e-08
chr2_107518539_G_A_b38	2	107518539	0.020654	580.836	580.753	0.0138767	1.13589e-09
chr2_108033472_G_A_b38	2	108033472	0.0499139	580.612	580.505	0.0174202	4.27487e-10
chr2_108055933_A_G_b38	2	108055933	0.0129088	580.895	580.805	0.0141536	8.44619e-11
chr2_108380806_C_T_b38	2	108380806	0.024957	580.82	580.699	0.0156053	4.55191e-15
chr2_108745706_A_C_b38	2	108745706	0.0283993	580.788	580.657	0.0166019	1.77636e-15
chr2_108955052_G_A_b38	2	108955052	0.0851979	580.301	580.172	0.0235225	1.9598e-08
chr2_113165320_T_C_b38	2	113165320	0.0731497	580.446	580.324	0.0199253	4.18459e-10
chr2_139242457_A_G_b38	2	139242457	0.0344234	580.725	580.631	0.0159414	1.49711e-09
chr2_149502815_G_A_b38	2	149502815	0.0266781	580.799	580.705	0.0143733	3.28456e-11
chr2_149620476_G_A_b38	2	149620476	0.0111876	580.925	580.875	0.00918296	2.32208e-08
chr2_151957514_T_C_b38	2	151957514	0.0240964	580.82	580.74	0.0131981	6.88619e-10
chr2_152160257_C_T_b38	2	152160257	0.0172117	580.869	580.793	0.0126542	1.01466e-09
chr2_152352119_C_T_b38	2	152352119	0.0662651	580.498	580.386	0.018403	6.96343e-10
chr2_152365392_A_G_b38	2	152365392	0.0240964	580.827	580.74	0.0131336	1.754e-11
chr2_153197745_T_C_b38	2	153197745	0.0490534	580.62	580.486	0.0187378	3.95906e-13
chr2_153222727_C_T_b38	2	153222727	0.0137694	580.888	580.814	0.0131077	6.86133e-09
chr2_170542526_G_A_b38	2	170542526	0.0197935	580.869	580.805	0.0101363	2.33826e-10
chr2_172286244_C_T_b38	2	172286244	0.0292599	580.794	580.675	0.0151659	2.44249e-15
chr2_172421710_A_G_b38	2	172421710	0.0722892	580.456	580.358	0.0182714	4.60502e-08
chr2_183357027_T_C_b38	2	183357027	0.0327022	580.727	580.643	0.0156466	4.33377e-08
chr2_196199774_G_A_b38	2	196199774	0.0172117	580.876	580.813	0.0111683	8.94709e-09
chr2_203289062_T_C_b38	2	203289062	0.136833	580.043	579.91	0.0247773	4.15984e-08
chr2_210833482_G_A_b38	2	210833482	0.0258176	580.818	580.698	0.0151342	1.33227e-15
chr2_210997147_T_C_b38	2	210997147	0.0542169	580.591	580.466	0.0181501	2.88747e-12
chr2_212103618_A_G_b38	2	212103618	0.0774527	580.457	580.326	0.0188742	2.29805e-12
chr2_212176693_G_A_b38	2	212176693	0.893287	580.189	580.041	0.0247632	1.08378e-09
chr2_230369931_A_G_b38	2	230369931	0.930293	580.481	580.387	0.0171481	2.18107e-08
chr2_234223015_C_T_b38	2	234223015	0.0370052	580.732	580.657	0.0130668	3.75777e-09
chr2_239357308_C_T_b38	2	239357308	0.109294	580.176	580.049	0.0235106	4.06316e-08
chr2_241945194_G_A_b38	2	241945194	0.0163511	580.887	580.832	0.00978643	7.32186e-09
chr3_2364705_A_G_b38	3	2364705	0.0318417	580.771	580.678	0.0137302	5.12224e-12
chr3_3156234_A_G_b38	3	3156234	0.0395869	580.691	580.571	0.0172515	1.36657e-12
chr3_31828112_C_T_b38	3	31828112	0.0516351	580.606	580.481	0.018098	2.11242e-12
chr3_48461207_C_T_b38	3	48461207	0.0189329	580.868	580.787	0.0123321	1.68212e-11
chr3_48679560_G_A_b38	3	48679560	0.0172117	580.863	580.796	0.0124121	3.47509e-08
chr3_48730717_G_A_b38	3	48730717	0.0834768	580.377	580.256	0.0203138	1.37251e-09
chr3_49068753_T_C_b38	3	49068753	0.0172117	580.86	580.782	0.0134873	4.38361e-09
chr3_49486514_G_A_b38	3	49486514	0.0180723	580.852	580.776	0.0135652	7.27493e-09
chr3_49761554_C_T_b38	3	49761554	0.0180723	580.852	580.776	0.0135636	9.62347e-09
chr3_50261708_C_A_b38	3	50261708	0.0180723	580.869	580.789	0.0126407	1.39389e-10
chr3_60159467_A_G_b38	3	60159467	0.0180723	580.857	580.773	0.013799	6.25557e-10
chr3_64415917_G_A_b38	3	64415917	0.0361446	580.728	580.657	0.0131943	3.66314e-08
chr3_64461567_T_C_b38	3	64461567	0.070568	580.472	580.368	0.0181093	5.49644e-09
chr3_65518471_A_C_b38	3	65518471	0.0851979	580.352	580.23	0.0211171	3.73053e-09
chr3_71438431_T_C_b38	3	71438431	0.916523	580.348	580.214	0.0219169	4.60131e-10
chr3_107436792_T_G_b38	3	107436792	0.020654	580.855	580.764	0.0133146	3.92331e-12
chr3_109187842_A_G_b38	3	109187842	0.686747	579.187	578.969	0.0390409	1.14171e-08
chr3_124247346_G_A_b38	3	124247346	0.0180723	580.879	580.79	0.012532	6.40377e-13
chr3_129029735_C_T_b38	3	129029735	0.0120482	580.922	580.868	0.00930494	4.91338e-09
chr3_132327584_C_T_b38	3	132327584	0.0370052	580.716	580.594	0.0169149	2.56017e-13
chr3_133836006_G_A_b38	3	133836006	0.98537	580.897	580.834	0.0109235	3.82051e-09
chr3_138933102_G_A_b38	3	138933102	0.0180723	580.874	580.819	0.0098533	1.50241e-08
chr3_139487291_T_C_b38	3	139487291	0.101549	580.224	580.086	0.0236776	2.6477e-09
chr3_177809195_T_C_b38	3	177809195	0.861446	580.072	579.929	0.0242541	1.85124e-09
chr3_178096391_G_T_b38	3	178096391	0.151463	579.901	579.746	0.0282586	2.14345e-08
chr3_196108597_G_A_b38	3	196108597	0.0413081	580.685	580.6	0.0150981	8.77646e-09
chr4_3689484_C_T_b38	4	3689484	0.0129088	580.915	580.862	0.00936987	1.10003e-08
chr4_5548379_G_A_b38	4	5548379	0.0275387	580.782	580.707	0.0139511	3.77139e-08
chr4_17025174_T_C_b38	4	17025174	0.927711	580.454	580.35	0.0188335	1.79892e-08
chr4_17467819_C_T_b38	4	17467819	0.0197935	580.876	580.82	0.00864938	5.03664e-11
chr4_27120999_A_G_b38	4	27120999	0.0137694	580.9	580.84	0.010851	1.49762e-08
chr4_38320870_G_T_b38	4	38320870	0.0154905	580.903	580.845	0.00958157	5.37425e-10
chr4_38534514_G_A_b38	4	38534514	0.0215146	580.854	580.755	0.0133873	7.27196e-14
chr4_56150529_C_T_b38	4	56150529	0.0542169	580.573	580.48	0.0172135	3.06858e-08
chr4_56153688_T_C_b38	4	56153688	0.0137694	580.892	580.808	0.0133412	1.70434e-10
chr4_56200435_A_G_b38	4	56200435	0.0309811	580.774	580.705	0.0127952	3.53379e-08
chr4_60999008_C_T_b38	4	60999008	0.0387263	580.718	580.627	0.014296	7.99997e-11
chr4_75306196_A_G_b38	4	75306196	0.100688	580.276	580.16	0.0207318	1.21855e-08
chr4_95314636_A_G_b38	4	95314636	0.024957	580.826	580.767	0.0104831	1.20339e-08
chr4_99318162_T_C_b38	4	99318162	0.95611	580.688	580.581	0.0151278	5.32463e-13
chr4_100204418_A_C_b38	4	100204418	0.035284	580.755	580.693	0.01071	4.21496e-09
chr4_106558740_C_A_b38	4	106558740	0.0327022	580.758	580.687	0.012752	1.29099e-08
chr4_128673920_A_G_b38	4	128673920	0.0215146	580.85	580.791	0.0103947	8.97559e-09
chr4_133960391_A_G_b38	4	133960391	0.0146299	580.899	580.841	0.0103514	9.52388e-09
chr4_136488290_G_A_b38	4	136488290	0.0223752	580.854	580.798	0.00910438	6.4743e-10
chr4_139367077_A_G_b38	4	139367077	0.301205	579.258	579.057	0.0376108	4.609e-08
chr4_143244798_C_T_b38	4	143244798	0.0370052	580.705	580.617	0.0157052	1.09664e-08
chr4_143691501_G_A_b38	4	143691501	0.0180723	580.879	580.818	0.0101306	8.52753e-10
chr4_184584587_A_G_b38	4	184584587	0.0395869	580.713	580.609	0.0150613	2.67997e-12
chr5_2926271_C_T_b38	5	2926271	0.938038	580.542	580.43	0.0189735	1.86594e-09
chr5_24367771_G_A_b38	5	24367771	0.986231	580.912	580.87	0.00779403	4.93952e-08
chr5_30531914_G_T_b38	5	30531914	0.958692	580.683	580.583	0.0159769	1.92402e-10
chr5_39696784_A_G_b38	5	39696784	0.918244	580.433	580.326	0.0180723	1.88658e-09
chr5_40253524_T_C_b38	5	40253524	0.881239	580.151	580.028	0.0228808	3.8117e-08
chr5_54641797_A_G_b38	5	54641797	0.884682	580.208	580.085	0.0213137	3.96832e-09
chr5_83495995_A_G_b38	5	83495995	0.0576592	580.563	580.46	0.0173937	1.83171e-09
chr5_83936994_C_A_b38	5	83936994	0.728916	579.555	579.361	0.0320122	6.31869e-10
chr5_150101469_G_A_b38	5	150101469	0.0129088	580.924	580.893	0.00547772	9.42415e-09
chr5_153777177_C_T_b38	5	153777177	0.0679862	580.482	580.37	0.0187059	9.15664e-10
chr5_167668074_C_A_b38	5	167668074	0.020654	580.843	580.775	0.012393	3.0842e-08
chr5_179565247_C_T_b38	5	179565247	0.0585198	580.552	580.458	0.0170778	2.04197e-08
chr6_1472265_C_A_b38	6	1472265	0.0129088	580.902	580.832	0.0121377	3.77776e-09
chr6_6458143_T_C_b38	6	6458143	0.0283993	580.79	580.723	0.0123501	2.13479e-08
chr6_6834439_G_A_b38	6	6834439	0.0172117	580.87	580.795	0.0125883	1.24671e-09
chr6_16307242_G_A_b38	6	16307242	0.0327022	580.743	580.66	0.0147037	9.42601e-09
chr6_16899733_G_A_b38	6	16899733	0.166954	579.843	579.685	0.0287042	1.78484e-08
chr6_22060042_C_T_b38	6	22060042	0.0189329	580.861	580.79	0.0121474	1.89903e-09
chr6_30064745_A_C_b38	6	30064745	0.0654045	580.538	580.454	0.0155901	3.82224e-08
chr6_44182749_G_T_b38	6	44182749	0.862306	580.073	579.938	0.0238923	6.42974e-09
chr6_54012383_G_A_b38	6	54012383	0.0688468	580.476	580.375	0.0181495	1.06068e-08
chr6_54877381_G_A_b38	6	54877381	0.0172117	580.871	580.77	0.0143515	8.33555e-13
chr6_91116574_G_A_b38	6	91116574	0.0137694	580.902	580.833	0.0115882	1.21415e-09
chr6_92973228_A_G_b38	6	92973228	0.0275387	580.789	580.717	0.0129997	1.71469e-08
chr6_101854391_C_T_b38	6	101854391	0.113597	580.188	580.057	0.0228902	5.74025e-09
chr6_105676081_G_A_b38	6	105676081	0.0111876	580.931	580.878	0.00903037	2.30538e-09
chr6_110588297_G_A_b38	6	110588297	0.0137694	580.908	580.841	0.0108326	2.13528e-10
chr6_110769356_G_A_b38	6	110769356	0.0154905	580.894	580.841	0.0095497	1.62782e-08
chr6_110829628_C_T_b38	6	110829628	0.0283993	580.799	580.729	0.0113064	3.16958e-10
chr6_127497203_T_C_b38	6	127497203	0.0395869	580.691	580.609	0.0148903	1.79023e-08
chr6_128449016_C_T_b38	6	128449016	0.0163511	580.881	580.805	0.0123667	5.95755e-10
chr6_155436694_C_T_b38	6	155436694	0.0318417	580.767	580.698	0.0125559	1.97312e-08
chr6_156268263_T_G_b38	6	156268263	0.0163511	580.893	580.835	0.00966771	1.21518e-09
chr6_157778940_C_A_b38	6	157778940	0.0163511	580.881	580.821	0.0108589	1.62545e-08
chr6_159065354_C_A_b38	6	159065354	0.0404475	580.706	580.621	0.0139842	5.39991e-10
chr6_162095928_T_C_b38	6	162095928	0.0344234	580.746	580.659	0.0137352	9.32709e-11
chr6_169582146_G_T_b38	6	169582146	0.0266781	580.802	580.72	0.0135669	7.64913e-10
chr6_169869017_T_C_b38	6	169869017	0.024957	580.795	580.71	0.014845	4.78907e-09
chr7_5460979_G_A_b38	7	5460979	0.0275387	580.784	580.701	0.0143543	5.14919e-09
chr7_22756848_A_G_b38	7	22756848	0.0791738	580.365	580.243	0.0217676	1.11497e-08
chr7_22759494_C_A_b38	7	22759494	0.0180723	580.866	580.794	0.0122387	1.47264e-09
chr7_36939473_G_A_b38	7	36939473	0.0309811	580.784	580.731	0.00996409	4.96381e-08
chr7_38017393_T_C_b38	7	38017393	0.0146299	580.902	580.837	0.0106939	7.40572e-10
chr7_69116083_C_A_b38	7	69116083	0.0387263	580.723	580.641	0.0131764	3.40094e-10
chr7_69732811_A_C_b38	7	69732811	0.0765921	580.442	580.337	0.0190896	2.06398e-08
chr7_78544417_T_C_b38	7	78544417	0.0172117	580.865	580.797	0.0123864	2.03049e-08
chr7_83845715_G_A_b38	7	83845715	0.0197935	580.839	580.762	0.0137364	1.01748e-08
chr7_90175855_G_A_b38	7	90175855	0.0137694	580.906	580.854	0.00950364	3.11073e-08
chr7_90557321_A_G_b38	7	90557321	0.0783133	580.413	580.303	0.0192215	5.47539e-09
chr7_95123463_A_G_b38	7	95123463	0.0344234	580.722	580.643	0.0149301	4.84538e-08
chr7_96518647_C_A_b38	7	96518647	0.0197935	580.845	580.747	0.0147148	1.84118e-11
chr7_100815804_T_C_b38	7	100815804	0.0258176	580.78	580.671	0.0170498	8.18839e-11
chr7_113476110_T_C_b38	7	113476110	0.0516351	580.603	580.496	0.0177094	7.53144e-10
chr7_114765952_C_T_b38	7	114765952	0.0197935	580.874	580.833	0.00689064	1.7321e-09
chr7_131636280_C_T_b38	7	131636280	0.0344234	580.706	580.613	0.0169119	1.43996e-08
chr7_131655501_A_G_b38	7	131655501	0.988812	580.938	580.904	0.00524686	3.62766e-11
chr7_151812484_C_T_b38	7	151812484	0.0430293	580.662	580.569	0.0159756	3.112e-09
chr8_1987188_A_G_b38	8	1987188	0.0180723	580.868	580.803	0.0114932	6.03908e-09
chr8_14526052_T_C_b38	8	14526052	0.0567986	580.569	580.469	0.0168235	1.22977e-09
chr8_17810797_A_C_b38	8	17810797	0.0129088	580.912	580.863	0.00917629	3.49384e-08
chr8_32558300_C_T_b38	8	32558300	0.0318417	580.754	580.68	0.0135927	3.41507e-08
chr8_71411943_A_G_b38	8	71411943	0.971601	580.804	580.75	0.00988472	1.46513e-08
chr8_72506928_G_A_b38	8	72506928	0.0327022	580.757	580.669	0.0142357	3.33715e-10
chr8_72925207_G_A_b38	8	72925207	0.0542169	580.574	580.462	0.0180037	2.30973e-10
chr8_92545399_C_T_b38	8	92545399	0.0146299	580.912	580.867	0.00775069	2.64317e-09
chr8_93424248_T_C_b38	8	93424248	0.0111876	580.934	580.89	0.00751732	2.87723e-09
chr8_104065088_T_G_b38	8	104065088	0.714286	579.351	579.147	0.0358279	6.82482e-09
chr8_114655993_G_A_b38	8	114655993	0.0111876	580.935	580.908	0.00491287	1.45359e-08
chr8_127090906_A_G_b38	8	127090906	0.0154905	580.89	580.837	0.00990277	3.85551e-08
chr8_127116797_G_T_b38	8	127116797	0.0318417	580.781	580.712	0.0113863	5.5994e-10
chr8_129042575_C_T_b38	8	129042575	0.0180723	580.877	580.819	0.0100213	2.86634e-09
chr8_133182197_G_A_b38	8	133182197	0.0378657	580.706	580.624	0.0150088	2.3621e-08
chr8_139665982_T_G_b38	8	139665982	0.0722892	580.475	580.364	0.0185376	8.35592e-10
chr9_2398265_T_G_b38	9	2398265	0.216867	579.598	579.421	0.0322873	2.15506e-08
chr9_12514323_C_T_b38	9	12514323	0.0481928	580.586	580.481	0.0192339	1.96048e-08
chr9_12553171_G_A_b38	9	12553171	0.0111876	580.929	580.877	0.00904768	5.0219e-09
chr9_14241651_A_C_b38	9	14241651	0.0146299	580.904	580.849	0.00962489	6.77346e-09
chr9_24435279_G_T_b38	9	24435279	0.0387263	580.721	580.642	0.0131277	8.8607e-10
chr9_26190236_A_G_b38	9	26190236	0.0757315	580.454	580.361	0.0173864	4.38319e-08
chr9_26258333_G_T_b38	9	26258333	0.0438898	580.669	580.589	0.0149204	4.35139e-08
chr9_70826521_A_C_b38	9	70826521	0.491394	578.836	578.591	0.0445657	2.02574e-08
chr9_78933336_C_A_b38	9	78933336	0.0542169	580.611	580.532	0.0144239	1.75482e-08
chr9_85272263_T_G_b38	9	85272263	0.0421687	580.642	580.537	0.0181497	3.26606e-09
chr9_85530029_T_C_b38	9	85530029	0.0430293	580.693	580.614	0.013362	1.44796e-09
chr9_85826242_C_T_b38	9	85826242	0.0137694	580.913	580.86	0.00919122	2.55847e-09
chr9_88815380_C_T_b38	9	88815380	0.0335628	580.726	580.641	0.0155889	2.36514e-08
chr9_96289260_G_A_b38	9	96289260	0.0129088	580.922	580.891	0.00557392	7.96555e-09
chr9_99121744_C_T_b38	9	99121744	0.024957	580.822	580.763	0.010676	1.4229e-08
chr9_110892084_G_A_b38	9	110892084	0.0189329	580.848	580.756	0.0144659	1.06642e-10
chr9_126786173_A_G_b38	9	126786173	0.0163511	580.882	580.82	0.0111215	9.14356e-09
chr9_135486069_G_A_b38	9	135486069	0.0189329	580.878	580.829	0.00847405	4.96651e-09
chr9_137685575_T_C_b38	9	137685575	0.0137694	580.908	580.824	0.0122759	3.17313e-12
chr10_2171105_T_C_b38	10	2171105	0.0395869	580.691	580.608	0.0150581	1.63444e-08
chr10_4629845_G_A_b38	10	4629845	0.0817556	580.391	580.285	0.0196129	3.11972e-08
chr10_5705460_G_T_b38	10	5705460	0.0129088	580.921	580.89	0.00556534	2.55737e-08
chr10_6342537_G_A_b38	10	6342537	0.0189329	580.878	580.814	0.0100731	6.94481e-11
chr10_9156606_A_G_b38	10	9156606	0.0189329	580.836	580.752	0.0148889	8.02401e-09
chr10_10537581_T_G_b38	10	10537581	0.0714286	580.453	580.331	0.0199354	3.86829e-10
chr10_11107674_G_A_b38	10	11107674	0.153184	579.963	579.797	0.0263144	1.39594e-10
chr10_11646636_G_A_b38	10	11646636	0.0507745	580.611	580.522	0.0159896	1.65746e-08
chr10_18463289_T_C_b38	10	18463289	0.0129088	580.909	580.817	0.0133628	3.75855e-12
chr10_23189850_T_G_b38	10	23189850	0.0654045	580.508	580.404	0.0179877	3.66984e-09
chr10_30531685_A_C_b38	10	30531685	0.100688	580.263	580.14	0.0218166	8.12467e-09
chr10_30949274_C_T_b38	10	30949274	0.0129088	580.926	580.892	0.00546551	3.30707e-10
chr10_36807565_C_A_b38	10	36807565	0.0301205	580.782	580.678	0.014599	4.57079e-13
chr10_36835871_C_A_b38	10	36835871	0.931153	580.464	580.359	0.0193347	3.0061e-08
chr10_71600913_A_G_b38	10	71600913	0.0154905	580.886	580.826	0.0110378	4.09579e-08
chr10_78526140_G_A_b38	10	78526140	0.987091	580.91	580.849	0.0107906	7.58529e-09
chr10_80579084_G_A_b38	10	80579084	0.010327	580.943	580.9	0.00715166	1.83483e-09
chr10_81153423_C_T_b38	10	81153423	0.0318417	580.775	580.693	0.0128143	7.33146e-11
chr10_86986007_T_C_b38	10	86986007	0.0576592	580.554	580.457	0.0173431	1.17441e-08
chr10_89034516_G_A_b38	10	89034516	0.045611	580.653	580.543	0.0165989	1.87468e-11
chr10_89180930_T_C_b38	10	89180930	0.112737	580.207	580.043	0.0232607	8.38329e-13
chr10_89222130_T_G_b38	10	89222130	0.145439	580.02	579.868	0.0253768	8.51539e-10
chr10_89494542_T_C_b38	10	89494542	0.0860585	580.419	580.324	0.0169769	1.11099e-08
chr10_89920645_T_C_b38	10	89920645	0.0869191	580.353	580.239	0.0201076	7.56214e-09
chr10_89994173_T_C_b38	10	89994173	0.0533563	580.597	580.496	0.016646	7.79106e-10
chr10_93362805_T_G_b38	10	93362805	0.123064	580.156	580.031	0.0226679	2.06697e-08
chr10_93453921_G_A_b38	10	93453921	0.0283993	580.775	580.697	0.0142515	2.21875e-08
chr10_96311092_C_T_b38	10	96311092	0.0576592	580.594	580.508	0.0146183	1.62946e-09
chr10_113339164_G_T_b38	10	113339164	0.0120482	580.919	580.868	0.00938605	3.84129e-08
chr10_131760745_A_C_b38	10	131760745	0.10327	580.279	580.159	0.020645	3.38253e-09
chr11_1392347_T_C_b38	11	1392347	0.0111876	580.934	580.894	0.00717445	6.78709e-09
chr11_2307477_A_G_b38	11	2307477	0.920826	580.367	580.245	0.021748	1.03604e-08
chr11_2917931_G_A_b38	11	2917931	0.0963855	580.316	580.199	0.0203759	5.19838e-09
